SCD 1                   
1 22490U 93009B   24279.75593037  .00002007  00000+0  50305-3 0  9995
2 22490  24.9695  70.7103 0042633  64.5178 318.5773 14.45483785671378
TECHSAT 1B (GO-32)      
1 25397U 98043D   24279.89627641  .00000841  00000+0  38522-3 0  9992
2 25397  98.9368 248.3490 0001336 150.8618 209.2634 14.24144034363176
SCD 2                   
1 25504U 98060A   24280.21477925  .00001635  00000+0  40933-3 0  9998
2 25504  24.9954 288.0543 0017125  64.8906  15.6011 14.44959189371043
DLR-TUBSAT              
1 25757U 99029B   24280.18266487  .00001157  00000+0  29753-3 0  9995
2 25757  98.6013 246.6415 0015525  74.6331 285.6578 14.52033311343504
TERRA                   
1 25994U 99068A   24280.17913625  .00002885  00000+0  60966-3 0  9993
2 25994  98.0357 340.3585 0002901  44.2816 336.4255 14.60058616319365
MAROC-TUBSAT            
1 27004U 01056D   24279.89994446  .00000060  00000+0  12057-3 0  9995
2 27004  99.7496  75.7003 0019137 290.7374 199.9848 13.70218594141378
AQUA                    
1 27424U 02022A   24280.16261668  .00005577  00000+0  11707-2 0  9998
2 27424  98.3419 230.0486 0002178  93.3555  31.4256 14.60030300192905
IRS-P6 (RESOURCESAT-1)  
1 28051U 03046A   24280.12275352  .00001753  00000+0  60667-3 0  9995
2 28051  98.2811 333.1112 0065401  38.3825 350.1994 14.35673004 91718
SHIYAN 1 (SY-1)         
1 28220U 04012A   24280.09262556  .00031068  00000+0  16617-2 0  9992
2 28220  97.9557 312.7295 0009137  25.5983 334.5699 15.14970461116947
AURA                    
1 28376U 04026A   24280.13752806  .00005453  00000+0  11644-2 0  9990
2 28376  98.2606 224.2866 0002582  82.9053 277.2440 14.59250139 75897
IRS-P5 (CARTOSAT-1)     
1 28649U 05017A   24280.14710390  .00006395  00000+0  70439-3 0  9991
2 28649  97.6021 319.0224 0001146  46.1665 313.9647 14.87869322 51725
SINAH 1                 
1 28893U 05043D   24279.86422398  .00003271  00000+0  64519-3 0  9998
2 28893  98.2086  42.9807 0015668  59.1870 301.0872 14.63082238  9929
EROS B                  
1 29079U 06014A   24280.22622730  .00048455  00000+0  24026-2 0  9999
2 29079  97.3402  30.9134 0007806 202.7838 157.3051 15.17536124 24378
RESURS-DK 1             
1 29228U 06021A   24279.87714188  .00009037  00000+0  58557-3 0  9991
2 29228  69.9338 137.6430 0006690 226.0331 134.0281 15.08392304  9019
ARIRANG-2 (KOMPSAT-2)   
1 29268U 06031A   24280.15473378  .00001824  00000+0  35765-3 0  9994
2 29268  97.8528 123.3154 0013453 234.0952 273.5430 14.63811078970973
LAPAN-TUBSAT            
1 29709U 07001A   24280.17991495  .00003295  00000+0  39751-3 0  9992
2 29709  98.0829 256.7315 0013587  45.5779 314.6545 14.84446929959276
HAIYANG-1B              
1 31113U 07010A   24279.87868535  .00000858  00000+0  34360-3 0  9990
2 31113  98.3015 276.8902 0012518 235.1535 124.8471 14.30709024912067
COSMO-SKYMED 1          
1 31598U 07023A   24280.12321868  .00003101  00000+0  39584-3 0  9991
2 31598  97.8892 101.6662 0001370  82.4828 277.6540 14.82161272937639
TERRASAR-X              
1 31698U 07026A   24279.50308041  .00009007  00000+0  43160-3 0  9999
2 31698  97.4465 285.0940 0001907  88.4043 271.7410 15.19148912959147
WORLDVIEW-1 (WV-1)      
1 32060U 07041A   24279.88310663  .00032190  00000+0  12801-2 0  9990
2 32060  97.3876  37.5680 0009071 225.8516 134.1977 15.25183178948585
YAOGAN-3                
1 32289U 07055A   24280.13595173  .00008405  00000+0  95889-3 0  9999
2 32289  97.8803 304.4256 0001228  88.1307 272.0049 14.86352591913804
COSMO-SKYMED 2          
1 32376U 07059A   24280.15697456  .00003056  00000+0  39053-3 0  9997
2 32376  97.8891 101.6941 0001541  92.3788 267.7601 14.82132475910382
RADARSAT-2              
1 32382U 07061A   24280.07561795  .00005405  00000+0  21112-2 0  9990
2 32382  98.5804 284.8600 0001196  90.7093 269.4226 14.29987972877581
CARTOSAT-2A             
1 32783U 08021A   24280.14988043  .00005176  00000+0  71185-3 0  9990
2 32783  97.8530 336.0331 0011449 325.2166  34.8296 14.78681312887400
HUANJING 1A (HJ-1A)     
1 33320U 08041A   24280.22050375  .00008060  00000+0  10460-2 0  9990
2 33320  97.6349 281.8268 0020355  14.0512 346.1263 14.80855832866788
HUANJING 1B (HJ-1B)     
1 33321U 08041B   24280.20982213  .00004975  00000+0  64166-3 0  9998
2 33321  97.6281 286.3115 0039374  54.6678 305.8206 14.80888885866805
GEOEYE 1                
1 33331U 08042A   24280.18872254  .00003533  00000+0  67872-3 0  9996
2 33331  98.1250 351.1386 0005218 189.8909 170.2192 14.64276568859561
THEOS                   
1 33396U 08049A   24280.13639277  .00000592  00000+0  29821-3 0  9999
2 33396  98.6460 343.5728 0000944  93.7715 266.3570 14.20055175830123
COSMO-SKYMED 3          
1 33412U 08054A   24280.14608476  .00013637  00000+0  11137-2 0  9996
2 33412  97.8659 117.8802 0016339 202.3426 157.7087 14.99422229863902
YAOGAN-4                
1 33446U 08061A   24280.16271884  .00006552  00000+0  85946-3 0  9990
2 33446  97.8827 209.9954 0013174 288.0028  71.9749 14.80574936853971
GOSAT (IBUKI)           
1 33492U 09002A   24280.18525545  .00003236  00000+0  57839-3 0  9991
2 33492  98.0473  29.6717 0001512 110.3860 249.7508 14.67570403841133
YAOGAN-6                
1 34839U 09021A   24280.18294641  .00059805  00000+0  85547-3 0  9998
2 34839  97.1841 247.4315 0017511 121.9400 238.3561 15.55847732860668
DEIMOS-1                
1 35681U 09041A   24280.15555955  .00003309  00000+0  51365-3 0  9990
2 35681  97.6848  96.1934 0002382  58.9224 301.2218 14.73728301815652
DUBAISAT-1              
1 35682U 09041B   24280.08439569  .00007764  00000+0  12324-2 0  9995
2 35682  97.9233  53.3327 0010024 256.9396 103.0693 14.72365109813955
OCEANSAT-2              
1 35931U 09051A   24280.17519565  .00000546  00000+0  40018-3 0  9991
2 35931  98.2527 318.1602 0016496 177.2757 182.8502 13.99505660792748
WORLDVIEW-2 (WV-2)      
1 35946U 09055A   24279.85058765  .00001283  00000+0  44823-3 0  9991
2 35946  98.4879 350.9560 0002973 262.2582  97.8267 14.36937643786679
SMOS                    
1 36036U 09059A   24279.76967543  .00002100  00000+0  68378-3 0  9999
2 36036  98.4432 105.1147 0001284  81.4923 278.6410 14.39761573784329
YAOGAN-7                
1 36110U 09069A   24280.15504744  .00002931  00000+0  42529-3 0  9990
2 36110  98.0857 156.2583 0024070 230.3451 129.5635 14.76612646798267
TANDEM-X                
1 36605U 10030A   24279.43721109  .00010189  00000+0  48778-3 0  9990
2 36605  97.4464 285.0291 0001799  96.2337 263.9102 15.19148228792551
CARTOSAT-2B             
1 36795U 10035A   24280.11875020  .00005167  00000+0  70930-3 0  9999
2 36795  97.8469 335.5596 0012466  43.7684 316.4513 14.78753790768445
YAOGAN-10               
1 36834U 10038A   24280.18358892  .00003317  00000+0  41178-3 0  9993
2 36834  97.9452 296.7075 0001474  86.0495 348.2728 14.83297872765458
COSMO-SKYMED 4          
1 37216U 10060A   24280.16965640  .00002822  00000+0  36113-3 0  9999
2 37216  97.8892 101.7131 0001633  89.7831 270.3569 14.82132784752935
RESOURCESAT-2           
1 37387U 11015A   24280.14897044  .00001133  00000+0  53509-3 0  9991
2 37387  98.5655 342.7595 0004889 144.6741 215.4761 14.21713070698756
HAIYANG-2A              
1 37781U 11043A   24280.22102406  .00000090  00000+0  13198-3 0  9991
2 37781  99.3310 281.9169 0001438 113.8198 246.3104 13.78803998661634
RASAT                   
1 37791U 11044D   24280.18511417  .00003432  00000+0  62224-3 0  9991
2 37791  98.0765   9.9529 0020924 356.5994  32.2056 14.66765983702413
SRMSAT                  
1 37841U 11058D   24279.91968994  .00001322  00000+0  57722-3 0  9990
2 37841  19.9710 206.9895 0011709 231.4810 186.2631 14.11231215670223
YAOGAN-13               
1 37941U 11072A   24280.24497535  .00116036  00000+0  16305-2 0  9993
2 37941  97.7264 271.6459 0004110  91.8581 268.3144 15.56290737713669
PLEIADES 1A             
1 38012U 11076F   24280.19547458  .00002600  00000+0  56868-3 0  9991
2 38012  98.1945 353.2079 0000938  96.2318 289.2882 14.58576963681772
ZIYUAN 1-02C (ZY 1-02C) 
1 38038U 11079A   24280.13044687  .00003314  00000+0  11285-2 0  9998
2 38038  98.4864 347.0635 0006458   7.7246  21.2190 14.37155222670303
ZIYUAN 3-1 (ZY 3-1)     
1 38046U 12001A   24280.17889531  .00047175  00000+0  12757-2 0  9990
2 38046  97.2318 340.0272 0006006 107.3712 252.8191 15.37550971707953
ARIRANG-3 (KOMPSAT-3)   
1 38338U 12025B   24280.14364631  .00003549  00000+0  69771-3 0  9992
2 38338  98.2728 226.6111 0008590 250.8745 109.1527 14.63235313660968
KANOPUS-V 1             
1 38707U 12039A   24280.09911923  .00245408  00000+0  18652-2 0  9996
2 38707  97.4974 224.2498 0007684  99.1998 261.0134 15.71538140678472
EXACTVIEW-1 (ADS-1B)    
1 38709U 12039C   24279.87175887  .00001153  00000+0  51594-3 0  9993
2 38709  98.9511  13.8145 0011436 152.5532 207.6253 14.24582525634514
SPOT 6                  
1 38755U 12047A   24280.13795537  .00003051  00000+0  66578-3 0  9991
2 38755  98.2108 345.5517 0001059  85.8568 274.2752 14.58565992642840
PLEIADES 1B             
1 39019U 12068A   24280.15610496  .00002517  00000+0  55088-3 0  9990
2 39019  98.1866 353.0894 0001157  95.7637 264.3694 14.58567698630614
GOKTURK 2               
1 39030U 12073A   24280.21545826  .00002839  00000+0  43629-3 0  9995
2 39030  97.7363 136.1977 0001517 109.5320 250.6053 14.74275604633294
LANDSAT 8               
1 39084U 13008A   24280.17541940  .00002426  00000+0  54839-3 0  9998
2 39084  98.2181 348.3882 0001312  95.0884 265.0464 14.57113902619570
SARAL                   
1 39086U 13009A   24279.86148426  .00000940  00000+0  36264-3 0  9998
2 39086  98.5524 103.4703 0001495 353.8670   6.2495 14.32529901606925
GAOFEN-1                
1 39150U 13018A   24280.20357892  .00004190  00000+0  60587-3 0  9995
2 39150  97.9791 351.3325 0021056 102.3778 257.9790 14.76545853616949
VNREDSAT 1              
1 39160U 13021B   24280.13296466  .00004793  00000+0  92211-3 0  9999
2 39160  97.9851 343.6397 0001124  94.1065 266.0266 14.64042747609684
ARIRANG-5 (KOMPSAT-5)   
1 39227U 13042A   24280.17264515  .00007113  00000+0  51222-3 0  9996
2 39227  97.6207 104.5306 0003671  93.3902 266.7744 15.04489437610848
SKYSAT-A                
1 39418U 13066C   24279.73388113  .00012012  00000+0  80899-3 0  9991
2 39418  97.4733 336.7203 0023049 287.8880  71.9834 15.06621084594983
DUBAISAT-2              
1 39419U 13066D   24280.21422215  .00013635  00000+0  10346-2 0  9990
2 39419  97.4287 280.2229 0012811 357.0312   3.0835 15.02261236593187
GPM-CORE                
1 39574U 14009C   24279.83644568  .00043644  00000+0  93938-3 0  9995
2 39574  64.9831 222.5670 0007193 262.5906  97.4417 15.44359242602149
SENTINEL-1A             
1 39634U 14016A   24280.16773118  .00001452  00000+0  31765-3 0  9993
2 39634  98.1830 285.6709 0001374  87.6957 272.4400 14.59193266559778
KAZEOSAT 1              
1 39731U 14024A   24280.16445405  .00001516  00000+0  47503-3 0  9993
2 39731  98.3865 354.7485 0001044  92.1805 267.9504 14.42043407549396
ALOS-2                  
1 39766U 14029A   24280.23096123  .00009389  00000+0  12622-2 0  9992
2 39766  97.9228  15.2813 0001521 100.3134 259.8249 14.79479904560094
KAZEOSAT 2              
1 40010U 14033A   24280.13552334  .00002948  00000+0  36921-3 0  9994
2 40010  97.6021 139.9011 0011129 198.2833 161.7982 14.82925219557110
HODOYOSHI-4             
1 40011U 14033B   24280.17531705  .00006626  00000+0  77757-3 0  9997
2 40011  97.5693 124.3853 0024469 190.8076 169.2617 14.85043330556839
DEIMOS-2                
1 40013U 14033D   24280.11800403  .00009770  00000+0  10218-2 0  9998
2 40013  97.6623 163.4172 0001249 100.3496 259.7863 14.89842666558277
HODOYOSHI-3             
1 40015U 14033F   24279.78450809  .00009218  00000+0  11528-2 0  9994
2 40015  97.5985  99.9122 0033682 231.3534 128.4664 14.82110354555757
SPOT 7                  
1 40053U 14034A   24280.18801200  .00003198  00000+0  67965-3 0  9996
2 40053  98.1464 345.0693 0001291  81.9366 278.1981 14.59739892546808
SKYSAT-B                
1 40072U 14037D   24280.19954798  .00006667  00000+0  79058-3 0  9992
2 40072  98.3267 196.8728 0007391 116.1383 244.0592 14.84851318554074
WORLDVIEW-3 (WV-3)      
1 40115U 14048A   24279.85454905  .00006027  00000+0  72528-3 0  9993
2 40115  97.8676 351.6791 0005729 203.6632 156.4320 14.84259846549991
GAOFEN-2                
1 40118U 14049A   24280.18395267  .00005495  00000+0  72313-3 0  9990
2 40118  98.0986 331.1423 0008093  70.9943 289.2145 14.80565199547651
YAOGAN-21               
1 40143U 14053A   24280.16078360  .00026513  00000+0  10939-2 0  9992
2 40143  97.2392 334.4621 0008013 148.3864 211.7856 15.23991654560719
YAOGAN-22               
1 40275U 14063A   24279.81776369  .00000012  00000+0  15534-3 0  9996
2 40275 100.6809  52.4752 0006708 142.4544 217.7037 13.15491732478376
ASNARO                  
1 40298U 14070A   24280.17301918  .00037659  00000+0  17712-2 0  9990
2 40298  97.4032 359.6421 0009369 171.0014 189.1390 15.19428621550023
HODOYOSHI-1             
1 40299U 14070B   24280.17139984  .00079171  00000+0  10216-2 0  9990
2 40299  97.1238 339.5668 0005100   2.6799 357.4484 15.58713768552340
YAOGAN-23               
1 40305U 14071A   24280.17339042  .00170470  00000+0  14615-2 0  9997
2 40305  97.6911 273.9841 0004628  97.5501 262.6285 15.68861667549674
YAOGAN-24               
1 40310U 14072A   24280.15436100  .00005011  00000+0  73045-3 0  9996
2 40310  98.0701  44.4535 0014187  91.0379 269.2455 14.76197137532414
CBERS 4                 
1 40336U 14079A   24280.15512270 -.00000012  00000+0  10641-4 0  9995
2 40336  98.3890 345.5315 0001330  59.2150 300.9167 14.35487127515166
RESURS-P 2              
1 40360U 14087A   24280.19515465  .00090010  00000+0  71949-3 0  9997
2 40360  97.1437   8.1795 0004701 226.3268 133.7606 15.70812937548418
YAOGAN-26               
1 40362U 14088A   24280.19142055  .00017442  00000+0  73303-3 0  9995
2 40362  97.0788 295.0342 0009236 113.7330 246.4878 15.23441254544204
SMAP                    
1 40376U 15003A   24280.20768588  .00003076  00000+0  60494-3 0  9990
2 40376  98.1307 285.0406 0001231  92.0648 268.0695 14.63321914517093
KOMPSAT-3A              
1 40536U 15014A   24280.13807760  .00028575  00000+0  11090-2 0  9996
2 40536  97.6243 232.0643 0000188 346.8401  13.2832 15.26061082526603
SENTINEL-2A             
1 40697U 15028A   24280.15156731  .00001087  00000+0  43108-3 0  9991
2 40697  98.5689 352.8168 0001017 100.0076 260.1222 14.30830595485212
GAOFEN-8                
1 40701U 15030A   24280.21068930  .00037563  00000+0  15292-2 0  9990
2 40701  97.6687  77.2936 0011147 250.2750 109.7285 15.24343549516550
CARBONITE 1 (CBNT-1)    
1 40718U 15032D   24280.15772004  .00008597  00000+0  11521-2 0  9993
2 40718  97.6510 114.9636 0015696 157.5194 202.6710 14.79544820497663
YAOGAN-27               
1 40878U 15040A   24280.13476399  .00000045  00000+0  22949-3 0  9992
2 40878 100.0831 283.7443 0008052 198.8122 161.2696 13.16028407437747
GAOFEN-9 01             
1 40894U 15047A   24280.17235217  .00005541  00000+0  72561-3 0  9994
2 40894  97.7164 330.6526 0028802   9.6696 350.5064 14.80471562488519
LAPAN-A2                
1 40931U 15052B   24270.29994034  .00002074  00000+0  19195-3 0  9995
2 40931   5.9998 350.0993 0012711  76.7416 283.4129 14.78150863486449
YAOGAN-28               
1 41026U 15064A   24280.17782806  .00027745  00000+0  11575-2 0  9999
2 41026  97.2263  66.3045 0009491 179.3312 180.7939 15.23596610496382
YAOGAN-29               
1 41038U 15069A   24280.18769967  .00002569  00000+0  33050-3 0  9991
2 41038  98.0532 295.2560 0000899 165.8757 194.2481 14.82009786478901
KENT RIDGE 1            
1 41167U 15077B   24280.03495301  .00013309  00000+0  62377-3 0  9993
2 41167  14.9798 170.8559 0009546 180.9347 179.0957 15.16604587486863
TELEOS-1                
1 41169U 15077D   24279.51026809  .00064365  00000+0  15815-2 0  9991
2 41169  14.9792  58.4144 0005880  31.8104 328.2575 15.38784983487826
GAOFEN-4                
1 41194U 15083A   24279.87571515 -.00000324  00000+0  00000+0 0  9997
2 41194   0.0490 302.7025 0001616 313.2804 179.9964  1.00268498 32310
JASON-3                 
1 41240U 16002A   24279.90058597 -.00000034  00000+0  11767-3 0  9999
2 41240  66.0443 341.3947 0008111 265.3338  94.6751 12.80928168407680
SENTINEL-3A             
1 41335U 16011A   24280.18000371  .00000873  00000+0  37876-3 0  9992
2 41335  98.6287 345.3807 0001079 108.7755 251.3542 14.26747189449792
ZIYUAN 3-2 (ZY 3-2)     
1 41556U 16033A   24280.18540828  .00023120  00000+0  10298-2 0  9995
2 41556  97.4463 354.4168 0004746 232.9018 127.1784 15.21439613463876
CARTOSAT-2C             
1 41599U 16040A   24280.13714810  .00020140  00000+0  95469-3 0  9992
2 41599  97.4604 337.9604 0012947 132.5713 227.6617 15.19258480459728
SKYSAT-C1               
1 41601U 16040C   24279.89118109  .00033910  00000+0  11695-2 0  9993
2 41601  97.0478 334.7714 0002233 113.2775 246.8702 15.29908370463077
LAPAN-A3                
1 41603U 16040E   24280.20143071  .00009393  00000+0  35974-3 0  9993
2 41603  97.1421 288.9875 0013710  71.1726 289.0999 15.26657755460154
BIROS                   
1 41604U 16040F   24280.14654591  .00036990  00000+0  82876-3 0  9997
2 41604  97.1153 305.7194 0007947  20.8311 339.3260 15.43312467461265
GAOFEN-3                
1 41727U 16049A   24280.16144142  .00000594  00000+0  19340-3 0  9997
2 41727  98.4076 286.1973 0001033  92.2596 267.8712 14.42218256429411
SKYSAT-C4               
1 41771U 16058B   24280.07521370  .00040928  00000+0  12139-2 0  9991
2 41771  96.9956 322.0433 0002840 104.8919 255.2640 15.34704463450223
SKYSAT-C5               
1 41772U 16058C   24280.10738983  .00035577  00000+0  94995-3 0  9991
2 41772  97.1430 332.1473 0001966  52.5232 307.6192 15.38022049448717
SKYSAT-C2               
1 41773U 16058D   24280.15101900  .00028273  00000+0  88910-3 0  9995
2 41773  96.9984 320.3252 0003340 134.5890 225.5626 15.32920630450093
SKYSAT-C3               
1 41774U 16058E   24280.15631429  .00037837  00000+0  91626-3 0  9994
2 41774  96.9956 329.6145 0002635 212.2393 147.8693 15.40998482450734
ALSAT 1B                
1 41785U 16059C   24280.19826395  .00002399  00000+0  39585-3 0  9990
2 41785  97.8113 304.1378 0010791  59.5933 300.6339 14.71273000429525
PATHFINDER 1            
1 41787U 16059E   24279.60386104  .00004437  00000+0  81344-3 0  9990
2 41787  97.8265 296.5746 0029815  22.9351 337.3178 14.65959750428874
SCATSAT 1               
1 41790U 16059H   24280.16979860  .00006198  00000+0  87149-3 0  9999
2 41790  98.2079 324.5106 0059010  77.9802 282.8013 14.76525530425448
GOKTURK 1A              
1 41875U 16073A   24280.19079592  .00003037  00000+0  60384-3 0  9996
2 41875  98.1337 173.0302 0001468  84.0841 276.0528 14.62825765418333
RESOURCESAT-2A          
1 41877U 16074A   24280.20794629  .00001010  00000+0  47952-3 0  9991
2 41877  98.6359 351.3728 0001904  68.7101 291.4280 14.21668869406361
CARTOSAT-2D             
1 41948U 17008A   24280.10309134  .00020944  00000+0  99117-3 0  9997
2 41948  97.4123 337.4359 0006046 240.6824 119.3807 15.19364440423588
SENTINEL-2B             
1 42063U 17013A   24280.18653633  .00000930  00000+0  37132-3 0  9998
2 42063  98.5696 352.8459 0000923  92.4275 267.7014 14.30824656396137
ZHUHAI-1 02 (CAS-4B)    
1 42759U 17034B   24280.15171337  .00058819  00000+0  16918-2 0  9993
2 42759  43.0162 316.7773 0012073  15.8271 344.2959 15.34906651404415
NUSAT-3 (MILANESAT)     
1 42760U 17034C   24280.17633790  .00054462  00000+0  13718-2 0  9998
2 42760  43.0067 298.4426 0014938  43.7433 316.4604 15.38999956404641
ZHUHAI-1 01 (CAS-4A)    
1 42761U 17034D   24280.20752133  .00046196  00000+0  13256-2 0  9998
2 42761  43.0199 314.7049 0011931  27.7924 332.3566 15.35076155404433
CARTOSAT-2E             
1 42767U 17036C   24280.12002325  .00021429  00000+0  10144-2 0  9993
2 42767  97.4243 337.7314 0004938 308.3918  51.6873 15.19355849404155
FORMOSAT-5              
1 42920U 17049A   24280.16043188  .00001684  00000+0  43880-3 0  9999
2 42920  98.2833 356.2227 0011998 179.3508 180.7704 14.50762091376918
SENTINEL-5P             
1 42969U 17064A   24279.84682091  .00000722  00000+0  36332-3 0  9990
2 42969  98.7281 217.4067 0001158  93.3622 266.7686 14.19548317361693
SKYSAT-C11              
1 42987U 17068A   24280.10056589  .00053313  00000+0  13745-2 0  9998
2 42987  97.3700  47.3994 0020101 163.0214 197.1709 15.38803760387738
SKYSAT-C10              
1 42988U 17068B   24279.85555968  .00036205  00000+0  11842-2 0  9991
2 42988  97.3797  45.1382 0003126 203.9435 156.1661 15.31611321387521
SKYSAT-C9               
1 42989U 17068C   24280.18641744  .00033522  00000+0  11004-2 0  9997
2 42989  97.3727  43.8180 0006523 243.6876 116.3696 15.31496905387761
SKYSAT-C8               
1 42990U 17068D   24279.84367286  .00034501  00000+0  11950-2 0  9994
2 42990  97.3820  44.5455 0002358 195.9178 164.1989 15.29767118387463
SKYSAT-C7               
1 42991U 17068E   24279.92961580  .00037292  00000+0  11488-2 0  9997
2 42991  97.3820  45.2116 0000894  57.8230 302.3099 15.33527483387512
SKYSAT-C6               
1 42992U 17068F   24280.21833895  .00032297  00000+0  11000-2 0  9999
2 42992  97.3850  46.5461 0001762 171.7013 188.4257 15.30329348387597
CARTOSAT-2F             
1 43111U 18004A   24280.15278588  .00020660  00000+0  97833-3 0  9999
2 43111  97.4179 337.7841 0001152 263.1787  96.9317 15.19361412373343
GAOFEN-1 02             
1 43259U 18031A   24280.17433356  .00004937  00000+0  71287-3 0  9994
2 43259  97.8087 344.1193 0004001 164.6713 195.4619 14.76652052351352
GAOFEN-1 03             
1 43260U 18031B   24280.15261746  .00005981  00000+0  86211-3 0  9999
2 43260  97.8079 344.0107 0003909 241.2698 118.8119 14.76647436351342
GAOFEN-1 04             
1 43262U 18031D   24280.19592700  .00005126  00000+0  74017-3 0  9994
2 43262  97.8089 344.1710 0002257 179.7008 180.4204 14.76642083351344
SENTINEL-3B             
1 43437U 18039A   24279.80239784  .00000967  00000+0  41763-3 0  9992
2 43437  98.6334 345.1182 0000445  90.0078 270.1154 14.26734416335804
GAOFEN-5 01             
1 43461U 18043A   24280.14840498  .00003749  00000+0  79958-3 0  9991
2 43461  98.3681 231.3927 0001833 150.8376 209.2926 14.59501447341353
GAOFEN-6                
1 43484U 18048A   24280.17065465  .00004494  00000+0  65065-3 0  9999
2 43484  97.8536 351.6093 0012007  24.1313 336.0457 14.76545996342041
GAOFEN-11 01            
1 43585U 18063A   24280.17685356  .00026062  00000+0  77955-3 0  9991
2 43585  97.2183 343.4311 0009065  78.0993 282.1267 15.34496032344750
ICESAT-2                
1 43613U 18070A   24280.11766968  .00009617  00000+0  35037-3 0  9996
2 43613  91.9996 124.4651 0008210  13.0891 347.0570 15.28137785337914
HYSIS                   
1 43719U 18096A   24280.16508921  .00006234  00000+0  85543-3 0  9998
2 43719  97.8536 341.5231 0000689   5.9706 354.1513 14.78740977315941
KAZSTSAT                
1 43783U 18099AB  24279.68612927  .00007218  00000+0  62824-3 0  9999
2 43783  97.5139 326.5148 0006396 345.3883  14.7154 14.97207507318510
SAUDISAT 5A             
1 43831U 18102A   24280.13489574  .00019585  00000+0  96030-3 0  9996
2 43831  97.3951 343.1767 0012854 147.6023 212.6003 15.18087170321412
SAUDISAT 5B             
1 43833U 18102C   24280.12728550  .00018628  00000+0  89808-3 0  9999
2 43833  97.4011 345.1682 0013506 151.2203 208.9779 15.18679311321508
GAOFEN-10R              
1 44622U 19066A   24280.16586599  .00007201  00000+0  91450-3 0  9996
2 44622  97.9732 221.5814 0002308 335.6560  24.4544 14.81964313270654
CARTOSAT-3              
1 44804U 19081A   24280.09495898  .00018151  00000+0  86187-3 0  9995
2 44804  97.5191 337.4831 0015394 151.3797 208.8285 15.19191960269426
GAOFEN-12 01            
1 44819U 19082A   24280.13730134  .00002703  00000+0  35780-3 0  9991
2 44819  97.8230 291.5589 0002975  62.6170 297.5344 14.80729692262496
CSG-1                   
1 44873U 19092A   24280.11478489  .00003365  00000+0  42938-3 0  9990
2 44873  97.8892 101.6603 0001592  80.1450 279.9942 14.82129682259778
NEMO-HD                 
1 46277U 20061F   24280.17085260  .00019446  00000+0  69040-3 0  9995
2 46277  97.2837 340.4114 0003090 103.5267 256.6318 15.29075744226888
SENTINEL-6              
1 46984U 20086A   24279.86524921 -.00000015  00000+0  20172-3 0  9999
2 46984  66.0442 341.3938 0007874 269.2633  90.7480 12.80928827181008
GAOFEN-12 02            
1 48079U 21026A   24280.19629486  .00002947  00000+0  39061-3 0  9993
2 48079  97.9597 270.9733 0003901 134.6283 225.5248 14.80627586190170
PLEIADES NEO 3          
1 48268U 21034A   24279.98041820  .00009386  00000+0  11974-2 0  9993
2 48268  97.8945 352.6338 0000801 102.6175 257.5127 14.81687024185962
NUSAT-19 (ROSALIND)     
1 48905U 21059AC  24280.19171933  .00539354  11133-3  19582-2 0  9991
2 48905  97.5900  81.0478 0006123 284.4602  75.5990 15.88482594183207
PLEIADES NEO 4          
1 49070U 21073E   24280.14923825  .00009441  00000+0  12042-2 0  9991
2 49070  97.8959 352.7953 0000934  98.3828 261.7491 14.81689024169703
LANDSAT 9               
1 49260U 21088A   24280.14111880  .00003126  00000+0  70341-3 0  9999
2 49260  98.2209 348.3524 0001228  91.2562 268.8777 14.57125628160845
CSG-2                   
1 51444U 22008A   24280.14853380  .00002499  00000+0  32045-3 0  9998
2 51444  97.8890 101.6857 0001563  82.4411 277.6980 14.82149393144893
INS-2TD                 
1 51658U 22013C   24279.83983002  .00349683  00000+0  25522-2 0  9990
2 51658  97.4998 308.6401 0005909 120.1015 240.0834 15.72220992147190
GAOFEN-12 03            
1 52912U 22069A   24280.17206370  .00007728  00000+0  10060-2 0  9992
2 52912  97.8939 169.5949 0009440 155.1252 205.0417 14.80864963123034
SWOT                    
1 54754U 22173A   24280.19456356  .00000296  00000+0  20222-3 0  9992
2 54754  77.6101 150.8913 0000435  53.3834 306.7357 14.00172881 92525
GAOFEN-12 04            
1 57654U 23123A   24280.13680052  .00006884  00000+0  89823-3 0  9997
2 57654  97.9053 196.0372 0002578  91.4681 268.6826 14.80834986 61041
PARS 1                  
1 59065U 24039Q   24280.16576285  .00021247  00000+0  75618-3 0  9994
2 59065  97.4076 241.2295 0013962 165.4564 194.7081 15.28892092 33515
RESURS-P 4              
1 59371U 24061A   24280.11231020  .00015898  00000+0  47411-3 0  9994
2 59371  97.1981 230.2218 0003085  93.0806 267.0790 15.34725592 28927
LEGION 1                
1 59625U 24081A   24279.84987074  .00018730  00000+0  94853-3 0  9993
2 59625  97.5657 350.7881 0008159 352.1213   7.9891 15.17013999 23655
LEGION 2                
1 59626U 24081B   24279.81552827  .00019832  00000+0  10056-2 0  9991
2 59626  97.5657 350.8328 0003862  41.6226 318.5300 15.16979570 23654
ALOS-4 (DAICHI-4)       
1 60182U 24123A   24280.11504612  .00010901  00000+0  14643-2 0  9995
2 60182  97.9217  15.1765 0001375  89.7383 270.3986 14.79469915 14345
LEGION 3                
1 60452U 24146A   24279.87344494  .00046584  00000+0  11667-2 0  9990
2 60452  44.9978 122.9113 0017745 248.2297 111.6702 15.39255927  7909
LEGION 4                
1 60453U 24146B   24279.87110782  .00002737  00000+0  62813-3 0  9994
2 60453  45.0369 154.1484 0003548  40.9390 319.1732 14.57608639  7483
SENTINEL-2C             
1 60989U 24157A   24279.83899511  .00001151  00000+0  42426-3 0  9997
2 60989  98.5673 352.5392 0002262 175.0587 185.0620 14.34449014  4411
